Ort_x, Ort_y, Geschw_x, Geschw_y, Zeit
0.000,0.000,2000.000,2000.000,0.000
1999.657,1994.752,1999.313,1989.503,1.000
3998.627,3979.008,1998.627,1979.010,2.000
5996.910,5952.774,1997.940,1968.520,3.000
7994.507,7916.051,1997.254,1958.035,4.000
9991.419,9868.844,1996.568,1947.552,5.000
11987.644,11811.157,1995.883,1937.073,6.000
13983.185,13742.993,1995.198,1926.598,7.000
15978.040,15664.355,1994.512,1916.127,8.000
17972.210,17575.248,1993.827,1905.659,9.000
19965.695,19475.674,1993.143,1895.194,10.000
21958.495,21365.638,1992.458,1884.733,11.000
23950.612,23245.143,1991.774,1874.276,12.000
25942.044,25114.193,1991.090,1863.823,13.000
27932.792,26972.790,1990.407,1853.373,14.000
29922.857,28820.940,1989.723,1842.926,15.000
31912.238,30658.645,1989.040,1832.483,16.000
33900.937,32485.908,1988.357,1822.044,17.000
35888.952,34302.735,1987.674,1811.608,18.000
37876.285,36109.127,1986.991,1801.176,19.000
39862.935,37905.089,1986.309,1790.748,20.000
41848.903,39690.625,1985.627,1780.323,21.000
43834.189,41465.737,1984.945,1769.902,22.000
45818.794,43230.430,1984.264,1759.484,23.000
47802.717,44984.706,1983.582,1749.070,24.000
49785.958,46728.571,1982.901,1738.659,25.000
51768.519,48462.026,1982.220,1728.252,26.000
53750.399,50185.076,1981.540,1717.849,27.000
55731.598,51897.725,1980.859,1707.449,28.000
57712.117,53599.976,1980.179,1697.052,29.000
59691.956,55291.832,1979.499,1686.660,30.000
61671.115,56973.297,1978.819,1676.270,31.000
63649.595,58644.374,1978.140,1665.885,32.000
65627.395,60305.068,1977.460,1655.503,33.000
67604.515,61955.381,1976.781,1645.124,34.000
69580.957,63595.318,1976.103,1634.749,35.000
71556.721,65224.882,1975.424,1624.378,36.000
73531.806,66844.076,1974.746,1614.010,37.000
75506.212,68452.904,1974.068,1603.646,38.000
77479.941,70051.370,1973.390,1593.285,39.000
79452.992,71639.476,1972.712,1582.928,40.000
81425.365,73217.228,1972.035,1572.575,41.000
83397.061,74784.627,1971.357,1562.225,42.000
85368.080,76341.679,1970.680,1551.878,43.000
87338.422,77888.385,1970.004,1541.535,44.000
89308.088,79424.751,1969.327,1531.196,45.000
91277.077,80950.779,1968.651,1520.860,46.000
93245.390,82466.473,1967.975,1510.528,47.000
95213.027,83971.837,1967.299,1500.199,48.000
97179.988,85466.873,1966.624,1489.874,49.000
99146.274,86951.586,1965.948,1479.552,50.000
101111.885,88425.980,1965.273,1469.234,51.000
103076.821,89890.057,1964.598,1458.920,52.000
105041.082,91343.821,1963.924,1448.609,53.000
107004.669,92787.276,1963.249,1438.301,54.000
108967.581,94220.426,1962.575,1427.998,55.000
110929.820,95643.273,1961.901,1417.697,56.000
112891.384,97055.822,1961.228,1407.400,57.000
114852.275,98458.076,1960.554,1397.107,58.000
116812.493,99850.038,1959.881,1386.817,59.000
118772.037,101231.712,1959.208,1376.531,60.000
120730.909,102603.102,1958.535,1366.248,61.000
122689.108,103964.210,1957.863,1355.969,62.000
124646.634,105315.042,1957.190,1345.694,63.000
126603.488,106655.599,1956.518,1335.422,64.000
128559.671,107985.887,1955.846,1325.153,65.000
130515.181,109305.907,1955.175,1314.888,66.000
132470.020,110615.664,1954.503,1304.626,67.000
134424.188,111915.162,1953.832,1294.368,68.000
136377.685,113204.403,1953.161,1284.114,69.000
138330.511,114483.391,1952.491,1273.863,70.000
140282.667,115752.130,1951.820,1263.616,71.000
142234.152,117010.624,1951.150,1253.372,72.000
144184.967,118258.875,1950.480,1243.131,73.000
146135.112,119496.888,1949.810,1232.894,74.000
148084.587,120724.666,1949.141,1222.661,75.000
150033.393,121942.212,1948.471,1212.431,76.000
151981.530,123149.530,1947.802,1202.205,77.000
153928.998,124346.623,1947.133,1191.982,78.000
155875.797,125533.496,1946.465,1181.763,79.000
157821.927,126710.150,1945.796,1171.547,80.000
159767.389,127876.591,1945.128,1161.335,81.000
161712.184,129032.821,1944.460,1151.126,82.000
163656.310,130178.845,1943.793,1140.920,83.000
165599.769,131314.664,1943.125,1130.719,84.000
167542.560,132440.284,1942.458,1120.520,85.000
169484.685,133555.707,1941.791,1110.326,86.000
171426.142,134660.937,1941.124,1100.134,87.000
173366.933,135755.977,1940.457,1089.947,88.000
175307.057,136840.832,1939.791,1079.762,89.000
177246.515,137915.504,1939.125,1069.582,90.000
179185.307,138979.997,1938.459,1059.404,91.000
181123.433,140034.314,1937.793,1049.230,92.000
183060.894,141078.459,1937.128,1039.060,93.000
184997.690,142112.436,1936.463,1028.893,94.000
186933.820,143136.248,1935.798,1018.730,95.000
188869.286,144149.898,1935.133,1008.570,96.000
190804.087,145153.390,1934.469,998.414,97.000
192738.223,146146.728,1933.804,988.261,98.000
194671.696,147129.914,1933.140,978.112,99.000
196604.504,148102.953,1932.477,967.966,100.000
198536.649,149065.848,1931.813,957.823,101.000
200468.130,150018.602,1931.150,947.685,102.000
202398.948,150961.218,1930.486,937.549,103.000
204329.103,151893.702,1929.824,927.417,104.000
206258.595,152816.054,1929.161,917.289,105.000
208187.425,153728.281,1928.498,907.164,106.000
210115.592,154630.384,1927.836,897.042,107.000
212043.097,155522.367,1927.174,886.924,108.000
213969.941,156404.234,1926.512,876.810,109.000
215896.122,157275.988,1925.851,866.699,110.000
217821.643,158137.633,1925.190,856.591,111.000
219746.502,158989.172,1924.528,846.487,112.000
221670.700,159830.608,1923.868,836.386,113.000
223594.237,160661.945,1923.207,826.289,114.000
225517.114,161483.188,1922.547,816.195,115.000
227439.330,162294.338,1921.886,806.105,116.000
229360.887,163095.399,1921.226,796.018,117.000
231281.783,163886.375,1920.567,785.935,118.000
233202.020,164667.270,1919.907,775.855,119.000
235121.598,165438.087,1919.248,765.778,120.000
237040.516,166198.829,1918.589,755.705,121.000
238958.775,166949.500,1917.930,745.636,122.000
240876.376,167690.103,1917.271,735.570,123.000
242793.319,168420.641,1916.613,725.507,124.000
244709.603,169141.119,1915.955,715.448,125.000
246625.229,169851.539,1915.297,705.393,126.000
248540.197,170551.906,1914.639,695.340,127.000
250454.507,171242.222,1913.982,685.292,128.000
252368.161,171922.491,1913.325,675.246,129.000
254281.157,172592.716,1912.668,665.204,130.000
256193.496,173252.901,1912.011,655.166,131.000
258105.178,173903.049,1911.354,645.131,132.000
260016.204,174543.165,1910.698,635.099,133.000
261926.574,175173.250,1910.042,625.071,134.000
263836.288,175793.309,1909.386,615.047,135.000
265745.346,176403.345,1908.730,605.025,136.000
267653.749,177003.362,1908.075,595.008,137.000
269561.496,177593.362,1907.420,584.993,138.000
271468.588,178173.350,1906.765,574.983,139.000
273375.025,178743.329,1906.110,564.975,140.000
275280.808,179303.302,1905.455,554.971,141.000
277185.936,179853.273,1904.801,544.971,142.000
279090.410,180393.245,1904.147,534.973,143.000
280994.230,180923.221,1903.493,524.980,144.000
282897.396,181443.206,1902.839,514.989,145.000
284799.909,181953.202,1902.186,505.003,146.000
286701.768,182453.213,1901.533,495.019,147.000
288602.975,182943.242,1900.880,485.039,148.000
290503.528,183423.293,1900.227,475.063,149.000
292403.429,183893.369,1899.575,465.089,150.000
294302.677,184353.473,1898.922,455.120,151.000
296201.274,184803.610,1898.270,445.153,152.000
298099.218,185243.782,1897.618,435.191,153.000
299996.511,185673.993,1896.967,425.231,154.000
301893.152,186094.246,1896.315,415.275,155.000
303789.141,186504.545,1895.664,405.323,156.000
305684.480,186904.893,1895.013,395.373,157.000
307579.168,187295.294,1894.363,385.428,158.000
309473.205,187675.750,1893.712,375.485,159.000
311366.592,188046.266,1893.062,365.546,160.000
313259.329,188406.844,1892.412,355.611,161.000
315151.416,188757.489,1891.762,345.679,162.000
317042.853,189098.203,1891.112,335.750,163.000
318933.640,189428.991,1890.463,325.825,164.000
320823.778,189749.854,1889.814,315.903,165.000
322713.268,190060.798,1889.165,305.984,166.000
324602.108,190361.825,1888.516,296.069,167.000
326490.300,190652.938,1887.868,286.158,168.000
328377.843,190934.142,1887.219,276.249,169.000
330264.738,191205.439,1886.571,266.344,170.000
332150.986,191466.832,1885.923,256.443,171.000
334036.585,191718.326,1885.276,246.545,172.000
335921.537,191959.924,1884.628,236.650,173.000
337805.842,192191.629,1883.981,226.759,174.000
339689.500,192413.444,1883.334,216.871,175.000
341572.511,192625.373,1882.688,206.987,176.000
343454.875,192827.419,1882.041,197.106,177.000
345336.593,193019.585,1881.395,187.228,178.000
347217.665,193201.876,1880.749,177.354,179.000
349098.090,193374.294,1880.103,167.483,180.000
350977.871,193536.843,1879.457,157.615,181.000
352857.005,193689.527,1878.812,147.751,182.000
354735.494,193832.347,1878.167,137.890,183.000
356613.339,193965.309,1877.522,128.033,184.000
358490.538,194088.415,1876.877,118.179,185.000
360367.093,194201.669,1876.233,108.328,186.000
362243.003,194305.074,1875.588,98.481,187.000
364118.270,194398.633,1874.944,88.637,188.000
365992.892,194482.350,1874.300,78.797,189.000
367866.871,194556.229,1873.657,68.960,190.000
369740.206,194620.272,1873.013,59.126,191.000
371612.898,194674.483,1872.370,49.296,192.000
373484.946,194718.865,1871.727,39.469,193.000
375356.352,194753.423,1871.085,29.645,194.000
377227.116,194778.158,1870.442,19.825,195.000
379097.237,194793.075,1869.800,10.008,196.000
380966.715,194798.177,1869.158,0.195,197.000
382835.552,194793.467,1868.516,-9.615,198.000
384703.747,194778.948,1867.874,-19.422,199.000
386571.301,194754.625,1867.233,-29.225,200.000
388438.213,194720.500,1866.592,-39.025,201.000
390304.484,194676.577,1865.951,-48.822,202.000
392170.114,194622.858,1865.310,-58.615,203.000
394035.104,194559.349,1864.669,-68.405,204.000
395899.453,194486.051,1864.029,-78.191,205.000
397763.162,194402.968,1863.389,-87.974,206.000
399626.231,194310.104,1862.749,-97.754,207.000
401488.660,194207.461,1862.109,-107.531,208.000
403350.450,194095.044,1861.470,-117.304,209.000
405211.601,193972.856,1860.831,-127.073,210.000
407072.112,193840.899,1860.192,-136.840,211.000
408931.984,193699.178,1859.553,-146.603,212.000
410791.218,193547.695,1858.915,-156.362,213.000
412649.813,193386.455,1858.276,-166.119,214.000
414507.771,193215.459,1857.638,-175.872,215.000
416365.090,193034.713,1857.000,-185.621,216.000
418221.771,192844.219,1856.363,-195.368,217.000
420077.815,192643.980,1855.725,-205.110,218.000
421933.221,192433.999,1855.088,-214.850,219.000
423787.991,192214.281,1854.451,-224.586,220.000
425642.123,191984.828,1853.814,-234.319,221.000
427495.619,191745.645,1853.177,-244.049,222.000
429348.478,191496.733,1852.541,-253.775,223.000
431200.701,191238.096,1851.905,-263.498,224.000
433052.288,190969.739,1851.269,-273.217,225.000
434903.239,190691.664,1850.633,-282.933,226.000
436753.555,190403.874,1849.998,-292.646,227.000
438603.235,190106.373,1849.363,-302.356,228.000
440452.280,189799.164,1848.727,-312.062,229.000
442300.690,189482.251,1848.093,-321.765,230.000
444148.465,189155.636,1847.458,-331.464,231.000
445995.606,188819.324,1846.824,-341.160,232.000
447842.113,188473.317,1846.189,-350.853,233.000
449687.985,188117.619,1845.555,-360.543,234.000
451533.224,187752.233,1844.922,-370.229,235.000
453377.829,187377.162,1844.288,-379.912,236.000
455221.800,186992.411,1843.655,-389.591,237.000
457065.139,186597.981,1843.022,-399.268,238.000
458907.844,186193.877,1842.389,-408.941,239.000
460749.917,185780.102,1841.756,-418.610,240.000
462591.357,185356.658,1841.124,-428.276,241.000
464432.164,184923.550,1840.492,-437.939,242.000
466272.340,184480.781,1839.860,-447.599,243.000
468111.884,184028.354,1839.228,-457.255,244.000
469950.796,183566.272,1838.596,-466.908,245.000
471789.076,183094.539,1837.965,-476.558,246.000
473626.726,182613.158,1837.334,-486.204,247.000
475463.744,182122.133,1836.703,-495.847,248.000
477300.132,181621.465,1836.072,-505.487,249.000
479135.888,181111.160,1835.442,-515.123,250.000
480971.015,180591.220,1834.811,-524.757,251.000
482805.511,180061.649,1834.181,-534.386,252.000
484639.378,179522.449,1833.552,-544.013,253.000
486472.614,178973.625,1832.922,-553.636,254.000
488305.222,178415.179,1832.292,-563.256,255.000
490137.200,177847.114,1831.663,-572.873,256.000
491968.548,177269.435,1831.034,-582.486,257.000
493799.268,176682.144,1830.406,-592.096,258.000
495629.360,176085.245,1829.777,-601.702,259.000
497458.822,175478.741,1829.149,-611.306,260.000
499287.657,174862.635,1828.521,-620.906,261.000
501115.864,174236.931,1827.893,-630.503,262.000
502943.443,173601.631,1827.265,-640.096,263.000
504770.394,172956.740,1826.638,-649.686,264.000
506596.718,172302.260,1826.010,-659.273,265.000
508422.414,171638.195,1825.383,-668.857,266.000
510247.484,170964.548,1824.756,-678.437,267.000
512071.927,170281.322,1824.130,-688.014,268.000
513895.744,169588.521,1823.503,-697.588,269.000
515718.935,168886.148,1822.877,-707.158,270.000
517541.499,168174.206,1822.251,-716.726,271.000
519363.437,167452.698,1821.626,-726.290,272.000
521184.750,166721.628,1821.000,-735.850,273.000
523005.438,165981.000,1820.375,-745.407,274.000
524825.500,165230.815,1819.750,-754.961,275.000
526644.937,164471.078,1819.125,-764.512,276.000
528463.749,163701.792,1818.500,-774.060,277.000
530281.937,162922.960,1817.876,-783.604,278.000
532099.501,162134.586,1817.251,-793.145,279.000
533916.440,161336.672,1816.627,-802.682,280.000
535732.756,160529.223,1816.004,-812.217,281.000
537548.447,159712.240,1815.380,-821.748,282.000
539363.516,158885.729,1814.757,-831.276,283.000
541177.961,158049.691,1814.133,-840.800,284.000
542991.783,157204.130,1813.510,-850.322,285.000
544804.982,156349.049,1812.888,-859.840,286.000
546617.558,155484.452,1812.265,-869.354,287.000
548429.512,154610.342,1811.643,-878.866,288.000
550240.844,153726.722,1811.021,-888.374,289.000
552051.554,152833.596,1810.399,-897.879,290.000
553861.642,151930.966,1809.777,-907.381,291.000
555671.109,151018.836,1809.156,-916.879,292.000
557479.954,150097.209,1808.535,-926.374,293.000
559288.178,149166.089,1807.914,-935.866,294.000
561095.781,148225.479,1807.293,-945.355,295.000
562902.763,147275.381,1806.672,-954.840,296.000
564709.125,146315.800,1806.052,-964.322,297.000
566514.867,145346.739,1805.432,-973.801,298.000
568319.988,144368.200,1804.812,-983.277,299.000
570124.490,143380.187,1804.192,-992.749,300.000
571928.372,142382.703,1803.572,-1002.218,301.000
573731.635,141375.752,1802.953,-1011.684,302.000
575534.278,140359.337,1802.334,-1021.147,303.000
577336.302,139333.461,1801.715,-1030.606,304.000
579137.708,138298.127,1801.096,-1040.062,305.000
580938.495,137253.338,1800.478,-1049.515,306.000
582738.664,136199.098,1799.859,-1058.965,307.000
584538.214,135135.411,1799.241,-1068.411,308.000
586337.147,134062.278,1798.624,-1077.854,309.000
588135.461,132979.704,1798.006,-1087.294,310.000
589933.159,131887.692,1797.389,-1096.730,311.000
591730.239,130786.245,1796.771,-1106.164,312.000
593526.701,129675.366,1796.154,-1115.594,313.000
595322.547,128555.059,1795.538,-1125.021,314.000
597117.777,127425.326,1794.921,-1134.445,315.000
598912.389,126286.171,1794.305,-1143.865,316.000
600706.386,125137.597,1793.689,-1153.282,317.000
602499.767,123979.608,1793.073,-1162.696,318.000
604292.531,122812.206,1792.457,-1172.107,319.000
606084.680,121635.395,1791.841,-1181.515,320.000
607876.214,120449.179,1791.226,-1190.919,321.000
609667.133,119253.559,1790.611,-1200.320,322.000
611457.436,118048.541,1789.996,-1209.718,323.000
613247.125,116834.126,1789.381,-1219.112,324.000
615036.199,115610.318,1788.767,-1228.504,325.000
616824.659,114377.120,1788.153,-1237.892,326.000
618612.505,113134.536,1787.539,-1247.277,327.000
620399.736,111882.568,1786.925,-1256.658,328.000
622186.354,110621.221,1786.311,-1266.037,329.000
623972.359,109350.496,1785.698,-1275.412,330.000
625757.750,108070.398,1785.085,-1284.784,331.000
627542.528,106780.929,1784.472,-1294.153,332.000
629326.694,105482.093,1783.859,-1303.519,333.000
631110.246,104173.894,1783.246,-1312.881,334.000
632893.186,102856.333,1782.634,-1322.240,335.000
634675.514,101529.415,1782.022,-1331.596,336.000
636457.230,100193.142,1781.410,-1340.949,337.000
638238.334,98847.519,1780.798,-1350.298,338.000
640018.827,97492.547,1780.187,-1359.645,339.000
641798.708,96128.231,1779.575,-1368.988,340.000
643577.978,94754.573,1778.964,-1378.328,341.000
645356.637,93371.577,1778.353,-1387.664,342.000
647134.685,91979.246,1777.743,-1396.998,343.000
648912.122,90577.583,1777.132,-1406.328,344.000
650688.950,89166.591,1776.522,-1415.655,345.000
652465.167,87746.274,1775.912,-1424.979,346.000
654240.774,86316.634,1775.302,-1434.300,347.000
656015.771,84877.676,1774.693,-1443.617,348.000
657790.159,83429.401,1774.083,-1452.932,349.000
659563.938,81971.814,1773.474,-1462.243,350.000
661337.107,80504.918,1772.865,-1471.551,351.000
663109.668,79028.715,1772.256,-1480.855,352.000
664881.620,77543.209,1771.648,-1490.157,353.000
666652.963,76048.403,1771.039,-1499.455,354.000
668423.698,74544.300,1770.431,-1508.750,355.000
670193.826,73030.904,1769.823,-1518.042,356.000
671963.345,71508.218,1769.215,-1527.331,357.000
673732.256,69976.244,1768.608,-1536.616,358.000
675500.561,68434.987,1768.001,-1545.899,359.000
677268.258,66884.448,1767.393,-1555.178,360.000
679035.348,65324.633,1766.787,-1564.454,361.000
680801.831,63755.542,1766.180,-1573.727,362.000
682567.708,62177.181,1765.573,-1582.996,363.000
684332.978,60589.552,1764.967,-1592.263,364.000
686097.642,58992.658,1764.361,-1601.526,365.000
687861.700,57386.502,1763.755,-1610.786,366.000
689625.152,55771.087,1763.150,-1620.043,367.000
691387.999,54146.418,1762.544,-1629.296,368.000
693150.241,52512.496,1761.939,-1638.547,369.000
694911.877,50869.326,1761.334,-1647.794,370.000
696672.908,49216.909,1760.729,-1657.038,371.000
698433.335,47555.250,1760.124,-1666.279,372.000
700193.157,45884.352,1759.520,-1675.517,373.000
701952.375,44204.217,1758.916,-1684.752,374.000
703710.989,42514.850,1758.312,-1693.983,375.000
705468.999,40816.252,1757.708,-1703.212,376.000
707226.405,39108.428,1757.104,-1712.437,377.000
708983.208,37391.380,1756.501,-1721.659,378.000
710739.407,35665.112,1755.898,-1730.878,379.000
712495.003,33929.627,1755.295,-1740.093,380.000
714249.997,32184.927,1754.692,-1749.306,381.000
716004.388,30431.017,1754.090,-1758.515,382.000
717758.176,28667.899,1753.487,-1767.721,383.000
719511.362,26895.576,1752.885,-1776.924,384.000
721263.947,25114.052,1752.283,-1786.124,385.000
723015.929,23323.330,1751.682,-1795.321,386.000
724767.310,21523.412,1751.080,-1804.514,387.000
726518.089,19714.303,1750.479,-1813.704,388.000
728268.267,17896.005,1749.878,-1822.892,389.000
730017.845,16068.521,1749.277,-1832.076,390.000
731766.821,14231.855,1748.676,-1841.257,391.000
733515.197,12386.010,1748.076,-1850.434,392.000
735262.972,10530.988,1747.475,-1859.609,393.000
737010.147,8666.793,1746.875,-1868.780,394.000
738756.723,6793.429,1746.275,-1877.949,395.000
740502.698,4910.898,1745.676,-1887.114,396.000
742248.074,3019.203,1745.076,-1896.276,397.000
743992.851,1118.348,1744.477,-1905.435,398.000
