Ort_x, Ort_y, Geschw_x, Geschw_y, Zeit
0.000,0.000,1000.000,1000.000,0.000
500.000,500.000,999.828,994.923,0.500
999.914,997.462,999.657,989.847,1.000
1499.742,1492.385,999.485,984.773,1.500
1999.485,1984.772,999.313,979.698,2.000
2499.142,2474.621,999.142,974.625,2.500
2998.713,2961.934,998.970,969.553,3.000
3498.198,3446.710,998.799,964.481,3.500
3997.597,3928.951,998.627,959.411,4.000
4496.911,4408.656,998.456,954.341,4.500
4996.139,4885.827,998.284,949.272,5.000
5495.281,5360.463,998.113,944.204,5.500
5994.337,5832.565,997.942,939.137,6.000
6493.308,6302.134,997.770,934.071,6.500
6992.193,6769.169,997.599,929.006,7.000
7490.993,7233.672,997.428,923.941,7.500
7989.707,7695.642,997.256,918.877,8.000
8488.335,8155.081,997.085,913.815,8.500
8986.877,8611.988,996.914,908.753,9.000
9485.334,9066.365,996.743,903.692,9.500
9983.706,9518.210,996.572,898.632,10.000
10481.992,9967.526,996.401,893.572,10.500
10980.192,10414.312,996.230,888.514,11.000
11478.307,10858.569,996.058,883.456,11.500
11976.336,11300.297,995.887,878.400,12.000
12474.280,11739.497,995.716,873.344,12.500
12972.138,12176.169,995.546,868.289,13.000
13469.911,12610.314,995.375,863.235,13.500
13967.598,13041.931,995.204,858.182,14.000
14465.200,13471.022,995.033,853.129,14.500
14962.716,13897.586,994.862,848.078,15.000
15460.147,14321.625,994.691,843.027,15.500
15957.493,14743.139,994.520,837.977,16.000
16454.753,15162.127,994.350,832.928,16.500
16951.928,15578.592,994.179,827.880,17.000
17449.017,15992.532,994.008,822.833,17.500
17946.021,16403.949,993.838,817.787,18.000
18442.940,16812.842,993.667,812.742,18.500
18939.774,17219.213,993.496,807.697,19.000
19436.522,17623.061,993.326,802.653,19.500
19933.185,18024.388,993.155,797.611,20.000
20429.762,18423.193,992.985,792.569,20.500
20926.254,18819.478,992.814,787.528,21.000
21422.661,19213.242,992.644,782.487,21.500
21918.983,19604.485,992.473,777.448,22.000
22415.220,19993.209,992.303,772.410,22.500
22911.371,20379.414,992.132,767.372,23.000
23407.438,20763.100,991.962,762.335,23.500
23903.419,21144.268,991.792,757.299,24.000
24399.315,21522.917,991.622,752.264,24.500
24895.125,21899.049,991.451,747.230,25.000
25390.851,22272.664,991.281,742.197,25.500
25886.492,22643.763,991.111,737.164,26.000
26382.047,23012.345,990.941,732.133,26.500
26877.517,23378.411,990.771,727.102,27.000
27372.903,23741.963,990.600,722.072,27.500
27868.203,24102.999,990.430,717.043,28.000
28363.418,24461.520,990.260,712.015,28.500
28858.548,24817.528,990.090,706.988,29.000
29353.593,25171.022,989.920,701.962,29.500
29848.553,25522.003,989.750,696.936,30.000
30343.429,25870.471,989.580,691.911,30.500
30838.219,26216.426,989.410,686.888,31.000
31332.924,26559.870,989.241,681.865,31.500
31827.544,26900.802,989.071,676.843,32.000
32322.080,27239.224,988.901,671.821,32.500
32816.530,27575.134,988.731,666.801,33.000
33310.896,27908.535,988.561,661.782,33.500
33805.176,28239.426,988.392,656.763,34.000
34299.372,28567.807,988.222,651.745,34.500
34793.483,28893.680,988.052,646.728,35.000
35287.509,29217.044,987.883,641.712,35.500
35781.451,29537.900,987.713,636.697,36.000
36275.307,29856.248,987.543,631.683,36.500
36769.079,30172.090,987.374,626.669,37.000
37262.766,30485.424,987.204,621.657,37.500
37756.368,30796.253,987.035,616.645,38.000
38249.886,31104.575,986.865,611.634,38.500
38743.318,31410.392,986.696,606.624,39.000
39236.666,31713.704,986.527,601.615,39.500
39729.930,32014.512,986.357,596.607,40.000
40223.108,32312.815,986.188,591.599,40.500
40716.202,32608.614,986.018,586.593,41.000
41209.211,32901.911,985.849,581.587,41.500
41702.136,33192.704,985.680,576.582,42.000
42194.976,33480.995,985.511,571.578,42.500
42687.731,33766.784,985.341,566.575,43.000
43180.402,34050.071,985.172,561.573,43.500
43672.988,34330.858,985.003,556.571,44.000
44165.490,34609.143,984.834,551.571,44.500
44657.907,34884.929,984.665,546.571,45.000
45150.239,35158.214,984.496,541.572,45.500
45642.487,35429.000,984.327,536.574,46.000
46134.651,35697.287,984.158,531.577,46.500
46626.730,35963.076,983.989,526.581,47.000
47118.724,36226.366,983.820,521.585,47.500
47610.634,36487.159,983.651,516.591,48.000
48102.459,36745.454,983.482,511.597,48.500
48594.201,37001.252,983.313,506.604,49.000
49085.857,37254.555,983.144,501.612,49.500
49577.429,37505.361,982.976,496.621,50.000
50068.917,37753.671,982.807,491.631,50.500
50560.321,37999.487,982.638,486.641,51.000
51051.640,38242.807,982.469,481.653,51.500
51542.874,38483.634,982.301,476.665,52.000
52034.025,38721.966,982.132,471.678,52.500
52525.091,38957.805,981.963,466.692,53.000
53016.073,39191.152,981.795,461.707,53.500
53506.970,39422.005,981.626,456.723,54.000
53997.783,39650.367,981.458,451.739,54.500
54488.512,39876.236,981.289,446.757,55.000
54979.157,40099.615,981.121,441.775,55.500
55469.717,40320.502,980.952,436.794,56.000
55960.193,40538.900,980.784,431.814,56.500
56450.585,40754.807,980.615,426.835,57.000
56940.893,40968.224,980.447,421.857,57.500
57431.116,41179.153,980.279,416.880,58.000
57921.256,41387.593,980.110,411.903,58.500
58411.311,41593.544,979.942,406.927,59.000
58901.282,41797.008,979.774,401.952,59.500
59391.169,41997.984,979.606,396.978,60.000
59880.972,42196.473,979.438,392.005,60.500
60370.691,42392.476,979.269,387.033,61.000
60860.325,42585.992,979.101,382.061,61.500
61349.876,42777.023,978.933,377.091,62.000
61839.343,42965.568,978.765,372.121,62.500
62328.725,43151.629,978.597,367.152,63.000
62818.024,43335.205,978.429,362.184,63.500
63307.238,43516.297,978.261,357.217,64.000
63796.369,43694.905,978.093,352.251,64.500
64285.415,43871.031,977.925,347.285,65.000
64774.378,44044.673,977.757,342.321,65.500
65263.256,44215.834,977.589,337.357,66.000
65752.051,44384.512,977.421,332.394,66.500
66240.762,44550.709,977.254,327.432,67.000
66729.388,44714.425,977.086,322.471,67.500
67217.931,44875.660,976.918,317.510,68.000
67706.390,45034.415,976.750,312.551,68.500
68194.765,45190.691,976.583,307.592,69.000
68683.057,45344.487,976.415,302.634,69.500
69171.264,45495.804,976.247,297.677,70.000
69659.388,45644.642,976.080,292.721,70.500
70147.428,45791.003,975.912,287.766,71.000
70635.384,45934.886,975.745,282.811,71.500
71123.256,46076.291,975.577,277.858,72.000
71611.045,46215.220,975.410,272.905,72.500
72098.749,46351.673,975.242,267.953,73.000
72586.371,46485.650,975.075,263.002,73.500
73073.908,46617.151,974.907,258.052,74.000
73561.361,46746.177,974.740,253.103,74.500
74048.731,46872.728,974.572,248.154,75.000
74536.018,46996.806,974.405,243.207,75.500
75023.220,47118.409,974.238,238.260,76.000
75510.339,47237.539,974.071,233.314,76.500
75997.374,47354.196,973.903,228.369,77.000
76484.326,47468.381,973.736,223.425,77.500
76971.194,47580.093,973.569,218.482,78.000
77457.979,47689.334,973.402,213.539,78.500
77944.679,47796.103,973.235,208.597,79.000
78431.297,47900.402,973.068,203.657,79.500
78917.831,48002.230,972.900,198.717,80.000
79404.281,48101.588,972.733,193.777,80.500
79890.647,48198.477,972.566,188.839,81.000
80376.931,48292.897,972.399,183.902,81.500
80863.130,48384.848,972.232,178.965,82.000
81349.247,48474.330,972.066,174.029,82.500
81835.279,48561.345,971.899,169.095,83.000
82321.229,48645.892,971.732,164.161,83.500
82807.095,48727.973,971.565,159.227,84.000
83292.877,48807.586,971.398,154.295,84.500
83778.576,48884.734,971.231,149.364,85.000
84264.192,48959.415,971.065,144.433,85.500
84749.724,49031.632,970.898,139.503,86.000
85235.173,49101.383,970.731,134.574,86.500
85720.539,49168.670,970.564,129.646,87.000
86205.821,49233.493,970.398,124.719,87.500
86691.020,49295.853,970.231,119.792,88.000
87176.135,49355.749,970.065,114.867,88.500
87661.168,49413.182,969.898,109.942,89.000
88146.117,49468.153,969.732,105.018,89.500
88630.983,49520.663,969.565,100.095,90.000
89115.765,49570.710,969.399,95.173,90.500
89600.464,49618.297,969.232,90.252,91.000
90085.081,49663.422,969.066,85.331,91.500
90569.613,49706.088,968.899,80.411,92.000
91054.063,49746.294,968.733,75.493,92.500
91538.430,49784.040,968.567,70.575,93.000
92022.713,49819.327,968.400,65.658,93.500
92506.913,49852.156,968.234,60.741,94.000
92991.030,49882.527,968.068,55.826,94.500
93475.064,49910.440,967.902,50.911,95.000
93959.015,49935.895,967.735,45.998,95.500
94442.883,49958.894,967.569,41.085,96.000
94926.667,49979.436,967.403,36.173,96.500
95410.369,49997.523,967.237,31.261,97.000
95893.988,50013.153,967.071,26.351,97.500
96377.523,50026.329,966.905,21.441,98.000
96860.976,50037.050,966.739,16.533,98.500
97344.345,50045.316,966.573,11.625,99.000
97827.632,50051.129,966.407,6.718,99.500
98310.835,50054.488,966.241,1.812,100.000
98793.956,50055.394,966.075,-3.093,100.500
99276.993,50053.847,965.909,-7.998,101.000
99759.948,50049.848,965.744,-12.902,101.500
100242.820,50043.397,965.578,-17.804,102.000
100725.609,50034.495,965.412,-22.706,102.500
101208.315,50023.142,965.246,-27.607,103.000
101690.938,50009.338,965.080,-32.508,103.500
102173.478,49993.084,964.915,-37.407,104.000
102655.935,49974.381,964.749,-42.306,104.500
103138.310,49953.228,964.583,-47.203,105.000
103620.601,49929.626,964.418,-52.100,105.500
104102.810,49903.576,964.252,-56.996,106.000
104584.936,49875.078,964.087,-61.892,106.500
105066.980,49844.132,963.921,-66.786,107.000
105548.940,49810.739,963.756,-71.679,107.500
106030.818,49774.899,963.590,-76.572,108.000
106512.613,49736.613,963.425,-81.464,108.500
106994.326,49695.881,963.259,-86.355,109.000
107475.955,49652.704,963.094,-91.245,109.500
107957.502,49607.081,962.929,-96.135,110.000
108438.966,49559.014,962.763,-101.023,110.500
108920.348,49508.502,962.598,-105.911,111.000
109401.647,49455.547,962.433,-110.797,111.500
109882.863,49400.148,962.267,-115.683,112.000
110363.997,49342.306,962.102,-120.569,112.500
110845.048,49282.022,961.937,-125.453,113.000
111326.017,49219.296,961.772,-130.336,113.500
111806.903,49154.128,961.607,-135.219,114.000
112287.706,49086.518,961.442,-140.101,114.500
112768.427,49016.468,961.277,-144.982,115.000
113249.065,48943.977,961.111,-149.862,115.500
113729.621,48869.046,960.946,-154.741,116.000
114210.094,48791.675,960.781,-159.620,116.500
114690.485,48711.866,960.617,-164.497,117.000
115170.793,48629.617,960.452,-169.374,117.500
115651.019,48544.930,960.287,-174.250,118.000
116131.162,48457.805,960.122,-179.125,118.500
116611.223,48368.243,959.957,-183.999,119.000
117091.202,48276.243,959.792,-188.873,119.500
117571.098,48181.807,959.627,-193.745,120.000
118050.911,48084.934,959.463,-198.617,120.500
118530.643,47985.626,959.298,-203.488,121.000
119010.292,47883.882,959.133,-208.358,121.500
119489.858,47779.703,958.968,-213.227,122.000
119969.342,47673.090,958.804,-218.095,122.500
120448.744,47564.042,958.639,-222.963,123.000
120928.064,47452.560,958.475,-227.830,123.500
121407.301,47338.646,958.310,-232.696,124.000
121886.456,47222.298,958.146,-237.561,124.500
122365.529,47103.517,957.981,-242.425,125.000
122844.520,46982.305,957.817,-247.288,125.500
123323.428,46858.661,957.652,-252.151,126.000
123802.254,46732.586,957.488,-257.012,126.500
124280.998,46604.079,957.323,-261.873,127.000
124759.659,46473.143,957.159,-266.733,127.500
125238.239,46339.776,956.995,-271.593,128.000
125716.736,46203.980,956.830,-276.451,128.500
126195.151,46065.754,956.666,-281.308,129.000
126673.484,45925.100,956.502,-286.165,129.500
127151.735,45782.017,956.337,-291.021,130.000
127629.904,45636.507,956.173,-295.876,130.500
128107.990,45488.569,956.009,-300.730,131.000
128585.995,45338.204,955.845,-305.584,131.500
129063.917,45185.412,955.681,-310.436,132.000
129541.758,45030.194,955.517,-315.288,132.500
130019.516,44872.550,955.353,-320.139,133.000
130497.192,44712.480,955.189,-324.989,133.500
130974.787,44549.986,955.025,-329.838,134.000
131452.299,44385.067,954.861,-334.686,134.500
131929.729,44217.724,954.697,-339.534,135.000
132407.078,44047.957,954.533,-344.381,135.500
132884.344,43875.767,954.369,-349.226,136.000
133361.529,43701.153,954.205,-354.072,136.500
133838.631,43524.118,954.041,-358.916,137.000
134315.652,43344.660,953.877,-363.759,137.500
134792.591,43162.780,953.714,-368.602,138.000
135269.448,42978.479,953.550,-373.443,138.500
135746.222,42791.758,953.386,-378.284,139.000
136222.916,42602.616,953.223,-383.124,139.500
136699.527,42411.053,953.059,-387.963,140.000
137176.056,42217.072,952.895,-392.802,140.500
137652.504,42020.671,952.732,-397.639,141.000
138128.870,41821.851,952.568,-402.476,141.500
138605.154,41620.613,952.404,-407.312,142.000
139081.356,41416.957,952.241,-412.147,142.500
139557.476,41210.883,952.077,-416.981,143.000
140033.515,41002.393,951.914,-421.815,143.500
140509.472,40791.485,951.751,-426.647,144.000
140985.347,40578.162,951.587,-431.479,144.500
141461.141,40362.422,951.424,-436.310,145.000
141936.853,40144.267,951.260,-441.140,145.500
142412.483,39923.697,951.097,-445.969,146.000
142888.032,39700.712,950.934,-450.798,146.500
143363.499,39475.313,950.771,-455.625,147.000
143838.884,39247.501,950.607,-460.452,147.500
144314.188,39017.275,950.444,-465.278,148.000
144789.410,38784.636,950.281,-470.103,148.500
145264.550,38549.584,950.118,-474.928,149.000
145739.609,38312.120,949.955,-479.751,149.500
146214.586,38072.245,949.791,-484.574,150.000
146689.482,37829.958,949.628,-489.395,150.500
147164.296,37585.260,949.465,-494.216,151.000
147639.029,37338.152,949.302,-499.037,151.500
148113.680,37088.634,949.139,-503.856,152.000
148588.250,36836.706,948.976,-508.674,152.500
149062.738,36582.369,948.813,-513.492,153.000
149537.145,36325.623,948.651,-518.309,153.500
150011.470,36066.468,948.488,-523.125,154.000
150485.714,35804.906,948.325,-527.940,154.500
150959.876,35540.936,948.162,-532.754,155.000
151433.957,35274.559,947.999,-537.568,155.500
151907.957,35005.775,947.836,-542.381,156.000
152381.875,34734.584,947.674,-547.192,156.500
152855.712,34460.988,947.511,-552.004,157.000
153329.467,34184.986,947.348,-556.814,157.500
153803.141,33906.580,947.186,-561.623,158.000
154276.734,33625.768,947.023,-566.432,158.500
154750.246,33342.552,946.860,-571.239,159.000
155223.676,33056.932,946.698,-576.046,159.500
155697.025,32768.909,946.535,-580.852,160.000
156170.293,32478.483,946.373,-585.658,160.500
156643.479,32185.654,946.210,-590.462,161.000
157116.584,31890.423,946.048,-595.266,161.500
157589.608,31592.790,945.885,-600.069,162.000
158062.551,31292.756,945.723,-604.871,162.500
158535.412,30990.320,945.561,-609.672,163.000
159008.193,30685.485,945.398,-614.472,163.500
159480.892,30378.249,945.236,-619.272,164.000
159953.510,30068.613,945.074,-624.070,164.500
160426.047,29756.578,944.911,-628.868,165.000
160898.502,29442.144,944.749,-633.665,165.500
161370.877,29125.311,944.587,-638.461,166.000
161843.171,28806.080,944.425,-643.257,166.500
162315.383,28484.452,944.263,-648.051,167.000
162787.514,28160.426,944.101,-652.845,167.500
163259.565,27834.004,943.938,-657.638,168.000
163731.534,27505.185,943.776,-662.430,168.500
164203.422,27173.970,943.614,-667.221,169.000
164675.229,26840.359,943.452,-672.012,169.500
165146.955,26504.354,943.290,-676.801,170.000
165618.600,26165.953,943.128,-681.590,170.500
166090.165,25825.158,942.966,-686.378,171.000
166561.648,25481.969,942.805,-691.165,171.500
167033.050,25136.386,942.643,-695.952,172.000
167504.371,24788.410,942.481,-700.737,172.500
167975.612,24438.042,942.319,-705.522,173.000
168446.771,24085.281,942.157,-710.306,173.500
168917.850,23730.128,941.995,-715.089,174.000
169388.848,23372.584,941.834,-719.871,174.500
169859.764,23012.648,941.672,-724.652,175.000
170330.600,22650.322,941.510,-729.433,175.500
170801.356,22285.606,941.349,-734.213,176.000
171272.030,21918.499,941.187,-738.992,176.500
171742.623,21549.004,941.025,-743.770,177.000
172213.136,21177.119,940.864,-748.547,177.500
172683.568,20802.845,940.702,-753.323,178.000
173153.919,20426.184,940.541,-758.099,178.500
173624.190,20047.134,940.379,-762.874,179.000
174094.379,19665.697,940.218,-767.648,179.500
174564.488,19281.873,940.056,-772.421,180.000
175034.517,18895.662,939.895,-777.194,180.500
175504.464,18507.066,939.734,-781.965,181.000
175974.331,18116.083,939.572,-786.736,181.500
176444.117,17722.715,939.411,-791.506,182.000
176913.823,17326.962,939.250,-796.275,182.500
177383.447,16928.825,939.088,-801.043,183.000
177852.992,16528.303,938.927,-805.811,183.500
178322.455,16125.398,938.766,-810.577,184.000
178791.838,15720.109,938.605,-815.343,184.500
179261.141,15312.438,938.444,-820.108,185.000
179730.362,14902.384,938.283,-824.872,185.500
180199.504,14489.948,938.121,-829.636,186.000
180668.564,14075.130,937.960,-834.398,186.500
181137.545,13657.931,937.799,-839.160,187.000
181606.444,13238.351,937.638,-843.921,187.500
182075.263,12816.390,937.477,-848.681,188.000
182544.002,12392.050,937.316,-853.440,188.500
183012.660,11965.329,937.155,-858.199,189.000
183481.238,11536.230,936.995,-862.956,189.500
183949.735,11104.752,936.834,-867.713,190.000
184418.152,10670.895,936.673,-872.469,190.500
184886.488,10234.661,936.512,-877.224,191.000
185354.744,9796.048,936.351,-881.979,191.500
185822.920,9355.059,936.190,-886.732,192.000
186291.015,8911.693,936.030,-891.485,192.500
186759.030,8465.950,935.869,-896.237,193.000
187226.965,8017.832,935.708,-900.988,193.500
187694.819,7567.337,935.548,-905.739,194.000
188162.593,7114.468,935.387,-910.488,194.500
188630.286,6659.224,935.226,-915.237,195.000
189097.899,6201.606,935.066,-919.985,195.500
189565.432,5741.614,934.905,-924.732,196.000
190032.885,5279.248,934.745,-929.478,196.500
190500.257,4814.509,934.584,-934.223,197.000
190967.549,4347.397,934.424,-938.968,197.500
191434.761,3877.913,934.263,-943.712,198.000
191901.893,3406.057,934.103,-948.455,198.500
192368.944,2931.830,933.943,-953.197,199.000
192835.916,2455.232,933.782,-957.938,199.500
193302.807,1976.263,933.622,-962.679,200.000
193769.618,1494.923,933.462,-967.418,200.500
194236.349,1011.214,933.301,-972.157,201.000
194702.999,525.136,933.141,-976.895,201.500
195169.570,36.688,932.981,-981.633,202.000
