Ort_x, Ort_y, Geschw_x, Geschw_y, Zeit
0.000,0.000,1000.000,1000.000,0.000
500.000,500.000,1000.000,995.095,0.500
1000.000,997.548,1000.000,990.190,1.000
1500.000,1492.642,1000.000,985.285,1.500
2000.000,1985.285,1000.000,980.380,2.000
2500.000,2475.475,1000.000,975.475,2.500
3000.000,2963.213,1000.000,970.570,3.000
3500.000,3448.498,1000.000,965.665,3.500
4000.000,3931.330,1000.000,960.760,4.000
4500.000,4411.710,1000.000,955.855,4.500
5000.000,4889.638,1000.000,950.950,5.000
5500.000,5365.113,1000.000,946.045,5.500
6000.000,5838.135,1000.000,941.140,6.000
6500.000,6308.705,1000.000,936.235,6.500
7000.000,6776.823,1000.000,931.330,7.000
7500.000,7242.488,1000.000,926.425,7.500
8000.000,7705.700,1000.000,921.520,8.000
8500.000,8166.460,1000.000,916.615,8.500
9000.000,8624.768,1000.000,911.710,9.000
9500.000,9080.623,1000.000,906.805,9.500
10000.000,9534.025,1000.000,901.900,10.000
10500.000,9984.975,1000.000,896.995,10.500
11000.000,10433.473,1000.000,892.090,11.000
11500.000,10879.518,1000.000,887.185,11.500
12000.000,11323.110,1000.000,882.280,12.000
12500.000,11764.250,1000.000,877.375,12.500
13000.000,12202.938,1000.000,872.470,13.000
13500.000,12639.173,1000.000,867.565,13.500
14000.000,13072.955,1000.000,862.660,14.000
14500.000,13504.285,1000.000,857.755,14.500
15000.000,13933.163,1000.000,852.850,15.000
15500.000,14359.588,1000.000,847.945,15.500
16000.000,14783.560,1000.000,843.040,16.000
16500.000,15205.080,1000.000,838.135,16.500
17000.000,15624.148,1000.000,833.230,17.000
17500.000,16040.763,1000.000,828.325,17.500
18000.000,16454.925,1000.000,823.420,18.000
18500.000,16866.635,1000.000,818.515,18.500
19000.000,17275.893,1000.000,813.610,19.000
19500.000,17682.698,1000.000,808.705,19.500
20000.000,18087.050,1000.000,803.800,20.000
20500.000,18488.950,1000.000,798.895,20.500
21000.000,18888.398,1000.000,793.990,21.000
21500.000,19285.393,1000.000,789.085,21.500
22000.000,19679.935,1000.000,784.180,22.000
22500.000,20072.025,1000.000,779.275,22.500
23000.000,20461.663,1000.000,774.370,23.000
23500.000,20848.848,1000.000,769.465,23.500
24000.000,21233.580,1000.000,764.560,24.000
24500.000,21615.860,1000.000,759.655,24.500
25000.000,21995.688,1000.000,754.750,25.000
25500.000,22373.063,1000.000,749.845,25.500
26000.000,22747.985,1000.000,744.940,26.000
26500.000,23120.455,1000.000,740.035,26.500
27000.000,23490.473,1000.000,735.130,27.000
27500.000,23858.038,1000.000,730.225,27.500
28000.000,24223.150,1000.000,725.320,28.000
28500.000,24585.810,1000.000,720.415,28.500
29000.000,24946.018,1000.000,715.510,29.000
29500.000,25303.773,1000.000,710.605,29.500
30000.000,25659.075,1000.000,705.700,30.000
30500.000,26011.925,1000.000,700.795,30.500
31000.000,26362.323,1000.000,695.890,31.000
31500.000,26710.268,1000.000,690.985,31.500
32000.000,27055.760,1000.000,686.080,32.000
32500.000,27398.800,1000.000,681.175,32.500
33000.000,27739.388,1000.000,676.270,33.000
33500.000,28077.523,1000.000,671.365,33.500
34000.000,28413.205,1000.000,666.460,34.000
34500.000,28746.435,1000.000,661.555,34.500
35000.000,29077.213,1000.000,656.650,35.000
35500.000,29405.538,1000.000,651.745,35.500
36000.000,29731.410,1000.000,646.840,36.000
36500.000,30054.830,1000.000,641.935,36.500
37000.000,30375.798,1000.000,637.030,37.000
37500.000,30694.313,1000.000,632.125,37.500
38000.000,31010.375,1000.000,627.220,38.000
38500.000,31323.985,1000.000,622.315,38.500
39000.000,31635.143,1000.000,617.410,39.000
39500.000,31943.848,1000.000,612.505,39.500
40000.000,32250.100,1000.000,607.600,40.000
40500.000,32553.900,1000.000,602.695,40.500
41000.000,32855.248,1000.000,597.790,41.000
41500.000,33154.143,1000.000,592.885,41.500
42000.000,33450.585,1000.000,587.980,42.000
42500.000,33744.575,1000.000,583.075,42.500
43000.000,34036.113,1000.000,578.170,43.000
43500.000,34325.198,1000.000,573.265,43.500
44000.000,34611.830,1000.000,568.360,44.000
44500.000,34896.010,1000.000,563.455,44.500
45000.000,35177.738,1000.000,558.550,45.000
45500.000,35457.013,1000.000,553.645,45.500
46000.000,35733.835,1000.000,548.740,46.000
46500.000,36008.205,1000.000,543.835,46.500
47000.000,36280.123,1000.000,538.930,47.000
47500.000,36549.588,1000.000,534.025,47.500
48000.000,36816.600,1000.000,529.120,48.000
48500.000,37081.160,1000.000,524.215,48.500
49000.000,37343.268,1000.000,519.310,49.000
49500.000,37602.923,1000.000,514.405,49.500
50000.000,37860.125,1000.000,509.500,50.000
50500.000,38114.875,1000.000,504.595,50.500
51000.000,38367.173,1000.000,499.690,51.000
51500.000,38617.018,1000.000,494.785,51.500
52000.000,38864.410,1000.000,489.880,52.000
52500.000,39109.350,1000.000,484.975,52.500
53000.000,39351.838,1000.000,480.070,53.000
53500.000,39591.873,1000.000,475.165,53.500
54000.000,39829.455,1000.000,470.260,54.000
54500.000,40064.585,1000.000,465.355,54.500
55000.000,40297.263,1000.000,460.450,55.000
55500.000,40527.488,1000.000,455.545,55.500
56000.000,40755.260,1000.000,450.640,56.000
56500.000,40980.580,1000.000,445.735,56.500
57000.000,41203.448,1000.000,440.830,57.000
57500.000,41423.863,1000.000,435.925,57.500
58000.000,41641.825,1000.000,431.020,58.000
58500.000,41857.335,1000.000,426.115,58.500
59000.000,42070.393,1000.000,421.210,59.000
59500.000,42280.998,1000.000,416.305,59.500
60000.000,42489.150,1000.000,411.400,60.000
60500.000,42694.850,1000.000,406.495,60.500
61000.000,42898.098,1000.000,401.590,61.000
61500.000,43098.893,1000.000,396.685,61.500
62000.000,43297.235,1000.000,391.780,62.000
62500.000,43493.125,1000.000,386.875,62.500
63000.000,43686.563,1000.000,381.970,63.000
63500.000,43877.548,1000.000,377.065,63.500
64000.000,44066.080,1000.000,372.160,64.000
64500.000,44252.160,1000.000,367.255,64.500
65000.000,44435.788,1000.000,362.350,65.000
65500.000,44616.963,1000.000,357.445,65.500
66000.000,44795.685,1000.000,352.540,66.000
66500.000,44971.955,1000.000,347.635,66.500
67000.000,45145.773,1000.000,342.730,67.000
67500.000,45317.138,1000.000,337.825,67.500
68000.000,45486.050,1000.000,332.920,68.000
68500.000,45652.510,1000.000,328.015,68.500
69000.000,45816.518,1000.000,323.110,69.000
69500.000,45978.073,1000.000,318.205,69.500
70000.000,46137.175,1000.000,313.300,70.000
70500.000,46293.825,1000.000,308.395,70.500
71000.000,46448.023,1000.000,303.490,71.000
71500.000,46599.768,1000.000,298.585,71.500
72000.000,46749.060,1000.000,293.680,72.000
72500.000,46895.900,1000.000,288.775,72.500
73000.000,47040.288,1000.000,283.870,73.000
73500.000,47182.223,1000.000,278.965,73.500
74000.000,47321.705,1000.000,274.060,74.000
74500.000,47458.735,1000.000,269.155,74.500
75000.000,47593.313,1000.000,264.250,75.000
75500.000,47725.438,1000.000,259.345,75.500
76000.000,47855.110,1000.000,254.440,76.000
76500.000,47982.330,1000.000,249.535,76.500
77000.000,48107.098,1000.000,244.630,77.000
77500.000,48229.413,1000.000,239.725,77.500
78000.000,48349.275,1000.000,234.820,78.000
78500.000,48466.685,1000.000,229.915,78.500
79000.000,48581.643,1000.000,225.010,79.000
79500.000,48694.148,1000.000,220.105,79.500
80000.000,48804.200,1000.000,215.200,80.000
80500.000,48911.800,1000.000,210.295,80.500
81000.000,49016.948,1000.000,205.390,81.000
81500.000,49119.643,1000.000,200.485,81.500
82000.000,49219.885,1000.000,195.580,82.000
82500.000,49317.675,1000.000,190.675,82.500
83000.000,49413.013,1000.000,185.770,83.000
83500.000,49505.898,1000.000,180.865,83.500
84000.000,49596.330,1000.000,175.960,84.000
84500.000,49684.310,1000.000,171.055,84.500
85000.000,49769.838,1000.000,166.150,85.000
85500.000,49852.913,1000.000,161.245,85.500
86000.000,49933.535,1000.000,156.340,86.000
86500.000,50011.705,1000.000,151.435,86.500
87000.000,50087.423,1000.000,146.530,87.000
87500.000,50160.688,1000.000,141.625,87.500
88000.000,50231.500,1000.000,136.720,88.000
88500.000,50299.860,1000.000,131.815,88.500
89000.000,50365.768,1000.000,126.910,89.000
89500.000,50429.223,1000.000,122.005,89.500
90000.000,50490.225,1000.000,117.100,90.000
90500.000,50548.775,1000.000,112.195,90.500
91000.000,50604.873,1000.000,107.290,91.000
91500.000,50658.518,1000.000,102.385,91.500
92000.000,50709.710,1000.000,97.480,92.000
92500.000,50758.450,1000.000,92.575,92.500
93000.000,50804.738,1000.000,87.670,93.000
93500.000,50848.573,1000.000,82.765,93.500
94000.000,50889.955,1000.000,77.860,94.000
94500.000,50928.885,1000.000,72.955,94.500
95000.000,50965.363,1000.000,68.050,95.000
95500.000,50999.388,1000.000,63.145,95.500
96000.000,51030.960,1000.000,58.240,96.000
96500.000,51060.080,1000.000,53.335,96.500
97000.000,51086.748,1000.000,48.430,97.000
97500.000,51110.963,1000.000,43.525,97.500
98000.000,51132.725,1000.000,38.620,98.000
98500.000,51152.035,1000.000,33.715,98.500
99000.000,51168.893,1000.000,28.810,99.000
99500.000,51183.298,1000.000,23.905,99.500
100000.000,51195.250,1000.000,19.000,100.000
100500.000,51204.750,1000.000,14.095,100.500
101000.000,51211.798,1000.000,9.190,101.000
101500.000,51216.393,1000.000,4.285,101.500
102000.000,51218.535,1000.000,-0.620,102.000
102500.000,51218.225,1000.000,-5.525,102.500
103000.000,51215.463,1000.000,-10.430,103.000
103500.000,51210.248,1000.000,-15.335,103.500
104000.000,51202.580,1000.000,-20.240,104.000
104500.000,51192.460,1000.000,-25.145,104.500
105000.000,51179.888,1000.000,-30.050,105.000
105500.000,51164.863,1000.000,-34.955,105.500
106000.000,51147.385,1000.000,-39.860,106.000
106500.000,51127.455,1000.000,-44.765,106.500
107000.000,51105.073,1000.000,-49.670,107.000
107500.000,51080.238,1000.000,-54.575,107.500
108000.000,51052.950,1000.000,-59.480,108.000
108500.000,51023.210,1000.000,-64.385,108.500
109000.000,50991.018,1000.000,-69.290,109.000
109500.000,50956.373,1000.000,-74.195,109.500
110000.000,50919.275,1000.000,-79.100,110.000
110500.000,50879.725,1000.000,-84.005,110.500
111000.000,50837.723,1000.000,-88.910,111.000
111500.000,50793.268,1000.000,-93.815,111.500
112000.000,50746.360,1000.000,-98.720,112.000
112500.000,50697.000,1000.000,-103.625,112.500
113000.000,50645.188,1000.000,-108.530,113.000
113500.000,50590.923,1000.000,-113.435,113.500
114000.000,50534.205,1000.000,-118.340,114.000
114500.000,50475.035,1000.000,-123.245,114.500
115000.000,50413.413,1000.000,-128.150,115.000
115500.000,50349.338,1000.000,-133.055,115.500
116000.000,50282.810,1000.000,-137.960,116.000
116500.000,50213.830,1000.000,-142.865,116.500
117000.000,50142.398,1000.000,-147.770,117.000
117500.000,50068.513,1000.000,-152.675,117.500
118000.000,49992.175,1000.000,-157.580,118.000
118500.000,49913.385,1000.000,-162.485,118.500
119000.000,49832.143,1000.000,-167.390,119.000
119500.000,49748.448,1000.000,-172.295,119.500
120000.000,49662.300,1000.000,-177.200,120.000
120500.000,49573.700,1000.000,-182.105,120.500
121000.000,49482.648,1000.000,-187.010,121.000
121500.000,49389.143,1000.000,-191.915,121.500
122000.000,49293.185,1000.000,-196.820,122.000
122500.000,49194.775,1000.000,-201.725,122.500
123000.000,49093.913,1000.000,-206.630,123.000
123500.000,48990.598,1000.000,-211.535,123.500
124000.000,48884.830,1000.000,-216.440,124.000
124500.000,48776.610,1000.000,-221.345,124.500
125000.000,48665.938,1000.000,-226.250,125.000
125500.000,48552.813,1000.000,-231.155,125.500
126000.000,48437.235,1000.000,-236.060,126.000
126500.000,48319.205,1000.000,-240.965,126.500
127000.000,48198.723,1000.000,-245.870,127.000
127500.000,48075.788,1000.000,-250.775,127.500
128000.000,47950.400,1000.000,-255.680,128.000
128500.000,47822.560,1000.000,-260.585,128.500
129000.000,47692.268,1000.000,-265.490,129.000
129500.000,47559.523,1000.000,-270.395,129.500
130000.000,47424.325,1000.000,-275.300,130.000
130500.000,47286.675,1000.000,-280.205,130.500
131000.000,47146.573,1000.000,-285.110,131.000
131500.000,47004.018,1000.000,-290.015,131.500
132000.000,46859.010,1000.000,-294.920,132.000
132500.000,46711.550,1000.000,-299.825,132.500
133000.000,46561.638,1000.000,-304.730,133.000
133500.000,46409.273,1000.000,-309.635,133.500
134000.000,46254.455,1000.000,-314.540,134.000
134500.000,46097.185,1000.000,-319.445,134.500
135000.000,45937.463,1000.000,-324.350,135.000
135500.000,45775.288,1000.000,-329.255,135.500
136000.000,45610.660,1000.000,-334.160,136.000
136500.000,45443.580,1000.000,-339.065,136.500
137000.000,45274.048,1000.000,-343.970,137.000
137500.000,45102.063,1000.000,-348.875,137.500
138000.000,44927.625,1000.000,-353.780,138.000
138500.000,44750.735,1000.000,-358.685,138.500
139000.000,44571.393,1000.000,-363.590,139.000
139500.000,44389.598,1000.000,-368.495,139.500
140000.000,44205.350,1000.000,-373.400,140.000
140500.000,44018.650,1000.000,-378.305,140.500
141000.000,43829.498,1000.000,-383.210,141.000
141500.000,43637.893,1000.000,-388.115,141.500
142000.000,43443.835,1000.000,-393.020,142.000
142500.000,43247.325,1000.000,-397.925,142.500
143000.000,43048.363,1000.000,-402.830,143.000
143500.000,42846.948,1000.000,-407.735,143.500
144000.000,42643.080,1000.000,-412.640,144.000
144500.000,42436.760,1000.000,-417.545,144.500
145000.000,42227.988,1000.000,-422.450,145.000
145500.000,42016.763,1000.000,-427.355,145.500
146000.000,41803.085,1000.000,-432.260,146.000
146500.000,41586.955,1000.000,-437.165,146.500
147000.000,41368.373,1000.000,-442.070,147.000
147500.000,41147.338,1000.000,-446.975,147.500
148000.000,40923.850,1000.000,-451.880,148.000
148500.000,40697.910,1000.000,-456.785,148.500
149000.000,40469.518,1000.000,-461.690,149.000
149500.000,40238.673,1000.000,-466.595,149.500
150000.000,40005.375,1000.000,-471.500,150.000
150500.000,39769.625,1000.000,-476.405,150.500
151000.000,39531.423,1000.000,-481.310,151.000
151500.000,39290.768,1000.000,-486.215,151.500
152000.000,39047.660,1000.000,-491.120,152.000
152500.000,38802.100,1000.000,-496.025,152.500
153000.000,38554.088,1000.000,-500.930,153.000
153500.000,38303.623,1000.000,-505.835,153.500
154000.000,38050.705,1000.000,-510.740,154.000
154500.000,37795.335,1000.000,-515.645,154.500
155000.000,37537.513,1000.000,-520.550,155.000
155500.000,37277.238,1000.000,-525.455,155.500
156000.000,37014.510,1000.000,-530.360,156.000
156500.000,36749.330,1000.000,-535.265,156.500
157000.000,36481.698,1000.000,-540.170,157.000
157500.000,36211.613,1000.000,-545.075,157.500
158000.000,35939.075,1000.000,-549.980,158.000
158500.000,35664.085,1000.000,-554.885,158.500
159000.000,35386.643,1000.000,-559.790,159.000
159500.000,35106.748,1000.000,-564.695,159.500
160000.000,34824.400,1000.000,-569.600,160.000
160500.000,34539.600,1000.000,-574.505,160.500
161000.000,34252.348,1000.000,-579.410,161.000
161500.000,33962.643,1000.000,-584.315,161.500
162000.000,33670.485,1000.000,-589.220,162.000
162500.000,33375.875,1000.000,-594.125,162.500
163000.000,33078.813,1000.000,-599.030,163.000
163500.000,32779.298,1000.000,-603.935,163.500
164000.000,32477.330,1000.000,-608.840,164.000
164500.000,32172.910,1000.000,-613.745,164.500
165000.000,31866.038,1000.000,-618.650,165.000
165500.000,31556.713,1000.000,-623.555,165.500
166000.000,31244.935,1000.000,-628.460,166.000
166500.000,30930.705,1000.000,-633.365,166.500
167000.000,30614.023,1000.000,-638.270,167.000
167500.000,30294.888,1000.000,-643.175,167.500
168000.000,29973.300,1000.000,-648.080,168.000
168500.000,29649.260,1000.000,-652.985,168.500
169000.000,29322.768,1000.000,-657.890,169.000
169500.000,28993.823,1000.000,-662.795,169.500
170000.000,28662.425,1000.000,-667.700,170.000
170500.000,28328.575,1000.000,-672.605,170.500
171000.000,27992.273,1000.000,-677.510,171.000
171500.000,27653.518,1000.000,-682.415,171.500
172000.000,27312.310,1000.000,-687.320,172.000
172500.000,26968.650,1000.000,-692.225,172.500
173000.000,26622.538,1000.000,-697.130,173.000
173500.000,26273.973,1000.000,-702.035,173.500
174000.000,25922.955,1000.000,-706.940,174.000
174500.000,25569.485,1000.000,-711.845,174.500
175000.000,25213.563,1000.000,-716.750,175.000
175500.000,24855.188,1000.000,-721.655,175.500
176000.000,24494.360,1000.000,-726.560,176.000
176500.000,24131.080,1000.000,-731.465,176.500
177000.000,23765.348,1000.000,-736.370,177.000
177500.000,23397.163,1000.000,-741.275,177.500
178000.000,23026.525,1000.000,-746.180,178.000
178500.000,22653.435,1000.000,-751.085,178.500
179000.000,22277.893,1000.000,-755.990,179.000
179500.000,21899.898,1000.000,-760.895,179.500
180000.000,21519.450,1000.000,-765.800,180.000
180500.000,21136.550,1000.000,-770.705,180.500
181000.000,20751.198,1000.000,-775.610,181.000
181500.000,20363.393,1000.000,-780.515,181.500
182000.000,19973.135,1000.000,-785.420,182.000
182500.000,19580.425,1000.000,-790.325,182.500
183000.000,19185.263,1000.000,-795.230,183.000
183500.000,18787.648,1000.000,-800.135,183.500
184000.000,18387.580,1000.000,-805.040,184.000
184500.000,17985.060,1000.000,-809.945,184.500
185000.000,17580.088,1000.000,-814.850,185.000
185500.000,17172.663,1000.000,-819.755,185.500
186000.000,16762.785,1000.000,-824.660,186.000
186500.000,16350.455,1000.000,-829.565,186.500
187000.000,15935.673,1000.000,-834.470,187.000
187500.000,15518.438,1000.000,-839.375,187.500
188000.000,15098.750,1000.000,-844.280,188.000
188500.000,14676.610,1000.000,-849.185,188.500
189000.000,14252.018,1000.000,-854.090,189.000
189500.000,13824.973,1000.000,-858.995,189.500
190000.000,13395.475,1000.000,-863.900,190.000
190500.000,12963.525,1000.000,-868.805,190.500
191000.000,12529.123,1000.000,-873.710,191.000
191500.000,12092.268,1000.000,-878.615,191.500
192000.000,11652.960,1000.000,-883.520,192.000
192500.000,11211.200,1000.000,-888.425,192.500
193000.000,10766.988,1000.000,-893.330,193.000
193500.000,10320.323,1000.000,-898.235,193.500
194000.000,9871.205,1000.000,-903.140,194.000
194500.000,9419.635,1000.000,-908.045,194.500
195000.000,8965.613,1000.000,-912.950,195.000
195500.000,8509.138,1000.000,-917.855,195.500
196000.000,8050.210,1000.000,-922.760,196.000
196500.000,7588.830,1000.000,-927.665,196.500
197000.000,7124.998,1000.000,-932.570,197.000
197500.000,6658.713,1000.000,-937.475,197.500
198000.000,6189.975,1000.000,-942.380,198.000
198500.000,5718.785,1000.000,-947.285,198.500
199000.000,5245.143,1000.000,-952.190,199.000
199500.000,4769.048,1000.000,-957.095,199.500
200000.000,4290.500,1000.000,-962.000,200.000
200500.000,3809.500,1000.000,-966.905,200.500
201000.000,3326.048,1000.000,-971.810,201.000
201500.000,2840.143,1000.000,-976.715,201.500
202000.000,2351.785,1000.000,-981.620,202.000
202500.000,1860.975,1000.000,-986.525,202.500
203000.000,1367.713,1000.000,-991.430,203.000
203500.000,871.998,1000.000,-996.335,203.500
204000.000,373.830,1000.000,-1001.240,204.000
